22243	1
22253	2
22254	3
22263	4
22264	5
22265	6
22273	7
22274	8
22275	9
22276	10
22283	11
22284	12
22285	13
22286	14
22287	15
22293	16
22294	17
22295	18
22296	19
22297	20
22298	21
22203	22
22204	23
22205	24
22206	25
22207	26
22208	27
22209	28
222J3	29
222J4	30
222J5	31
222J6	32
222J7	33
222J8	34
222J9	35
222J0	36
222Q3	37
222Q4	38
222Q5	39
222Q6	40
222Q7	41
222Q8	42
222Q9	43
222Q0	44
222QJ	45
222K3	46
222K4	47
222K5	48
222K6	49
222K7	50
222K8	51
222K9	52
222K0	53
222KJ	54
222KQ	55
22213	56
22214	57
22215	58
22216	59
22217	60
22218	61
22219	62
22210	63
2221J	64
2221Q	65
2221K	66
33342	67
33352	68
33354	69
33362	70
33364	71
33365	72
33372	73
33374	74
33375	75
33376	76
33382	77
33384	78
33385	79
33386	80
33387	81
33392	82
33394	83
33395	84
33396	85
33397	86
33398	87
33302	88
33304	89
33305	90
33306	91
33307	92
33308	93
33309	94
333J2	95
333J4	96
333J5	97
333J6	98
333J7	99
333J8	100
333J9	101
333J0	102
333Q2	103
333Q4	104
333Q5	105
333Q6	106
333Q7	107
333Q8	108
333Q9	109
333Q0	110
333QJ	111
333K2	112
333K4	113
333K5	114
333K6	115
333K7	116
333K8	117
333K9	118
333K0	119
333KJ	120
333KQ	121
33312	122
33314	123
33315	124
33316	125
33317	126
33318	127
33319	128
33310	129
3331J	130
3331Q	131
3331K	132
44432	133
44452	134
44453	135
44462	136
44463	137
44465	138
44472	139
44473	140
44475	141
44476	142
44482	143
44483	144
44485	145
44486	146
44487	147
44492	148
44493	149
44495	150
44496	151
44497	152
44498	153
44402	154
44403	155
44405	156
44406	157
44407	158
44408	159
44409	160
444J2	161
444J3	162
444J5	163
444J6	164
444J7	165
444J8	166
444J9	167
444J0	168
444Q2	169
444Q3	170
444Q5	171
444Q6	172
444Q7	173
444Q8	174
444Q9	175
444Q0	176
444QJ	177
444K2	178
444K3	179
444K5	180
444K6	181
444K7	182
444K8	183
444K9	184
444K0	185
444KJ	186
444KQ	187
44412	188
44413	189
44415	190
44416	191
44417	192
44418	193
44419	194
44410	195
4441J	196
4441Q	197
4441K	198
55532	199
55542	200
55543	201
55562	202
55563	203
55564	204
55572	205
55573	206
55574	207
55576	208
55582	209
55583	210
55584	211
55586	212
55587	213
55592	214
55593	215
55594	216
55596	217
55597	218
55598	219
55502	220
55503	221
55504	222
55506	223
55507	224
55508	225
55509	226
555J2	227
555J3	228
555J4	229
555J6	230
555J7	231
555J8	232
555J9	233
555J0	234
555Q2	235
555Q3	236
555Q4	237
555Q6	238
555Q7	239
555Q8	240
555Q9	241
555Q0	242
555QJ	243
555K2	244
555K3	245
555K4	246
555K6	247
555K7	248
555K8	249
555K9	250
555K0	251
555KJ	252
555KQ	253
55512	254
55513	255
55514	256
55516	257
55517	258
55518	259
55519	260
55510	261
5551J	262
5551Q	263
5551K	264
66632	265
66642	266
66643	267
66652	268
66653	269
66654	270
66672	271
66673	272
66674	273
66675	274
66682	275
66683	276
66684	277
66685	278
66687	279
66692	280
66693	281
66694	282
66695	283
66697	284
66698	285
66602	286
66603	287
66604	288
66605	289
66607	290
66608	291
66609	292
666J2	293
666J3	294
666J4	295
666J5	296
666J7	297
666J8	298
666J9	299
666J0	300
666Q2	301
666Q3	302
666Q4	303
666Q5	304
666Q7	305
666Q8	306
666Q9	307
666Q0	308
666QJ	309
666K2	310
666K3	311
666K4	312
666K5	313
666K7	314
666K8	315
666K9	316
666K0	317
666KJ	318
666KQ	319
66612	320
66613	321
66614	322
66615	323
66617	324
66618	325
66619	326
66610	327
6661J	328
6661Q	329
6661K	330
77732	331
77742	332
77743	333
77752	334
77753	335
77754	336
77762	337
77763	338
77764	339
77765	340
77782	341
77783	342
77784	343
77785	344
77786	345
77792	346
77793	347
77794	348
77795	349
77796	350
77798	351
77702	352
77703	353
77704	354
77705	355
77706	356
77708	357
77709	358
777J2	359
777J3	360
777J4	361
777J5	362
777J6	363
777J8	364
777J9	365
777J0	366
777Q2	367
777Q3	368
777Q4	369
777Q5	370
777Q6	371
777Q8	372
777Q9	373
777Q0	374
777QJ	375
777K2	376
777K3	377
777K4	378
777K5	379
777K6	380
777K8	381
777K9	382
777K0	383
777KJ	384
777KQ	385
77712	386
77713	387
77714	388
77715	389
77716	390
77718	391
77719	392
77710	393
7771J	394
7771Q	395
7771K	396
88832	397
88842	398
88843	399
88852	400
88853	401
88854	402
88862	403
88863	404
88864	405
88865	406
88872	407
88873	408
88874	409
88875	410
88876	411
88892	412
88893	413
88894	414
88895	415
88896	416
88897	417
88802	418
88803	419
88804	420
88805	421
88806	422
88807	423
88809	424
888J2	425
888J3	426
888J4	427
888J5	428
888J6	429
888J7	430
888J9	431
888J0	432
888Q2	433
888Q3	434
888Q4	435
888Q5	436
888Q6	437
888Q7	438
888Q9	439
888Q0	440
888QJ	441
888K2	442
888K3	443
888K4	444
888K5	445
888K6	446
888K7	447
888K9	448
888K0	449
888KJ	450
888KQ	451
88812	452
88813	453
88814	454
88815	455
88816	456
88817	457
88819	458
88810	459
8881J	460
8881Q	461
8881K	462
99932	463
99942	464
99943	465
99952	466
99953	467
99954	468
99962	469
99963	470
99964	471
99965	472
99972	473
99973	474
99974	475
99975	476
99976	477
99982	478
99983	479
99984	480
99985	481
99986	482
99987	483
99902	484
99903	485
99904	486
99905	487
99906	488
99907	489
99908	490
999J2	491
999J3	492
999J4	493
999J5	494
999J6	495
999J7	496
999J8	497
999J0	498
999Q2	499
999Q3	500
999Q4	501
999Q5	502
999Q6	503
999Q7	504
999Q8	505
999Q0	506
999QJ	507
999K2	508
999K3	509
999K4	510
999K5	511
999K6	512
999K7	513
999K8	514
999K0	515
999KJ	516
999KQ	517
99912	518
99913	519
99914	520
99915	521
99916	522
99917	523
99918	524
99910	525
9991J	526
9991Q	527
9991K	528
00032	529
00042	530
00043	531
00052	532
00053	533
00054	534
00062	535
00063	536
00064	537
00065	538
00072	539
00073	540
00074	541
00075	542
00076	543
00082	544
00083	545
00084	546
00085	547
00086	548
00087	549
00092	550
00093	551
00094	552
00095	553
00096	554
00097	555
00098	556
000J2	557
000J3	558
000J4	559
000J5	560
000J6	561
000J7	562
000J8	563
000J9	564
000Q2	565
000Q3	566
000Q4	567
000Q5	568
000Q6	569
000Q7	570
000Q8	571
000Q9	572
000QJ	573
000K2	574
000K3	575
000K4	576
000K5	577
000K6	578
000K7	579
000K8	580
000K9	581
000KJ	582
000KQ	583
00012	584
00013	585
00014	586
00015	587
00016	588
00017	589
00018	590
00019	591
0001J	592
0001Q	593
0001K	594
JJJ32	595
JJJ42	596
JJJ43	597
JJJ52	598
JJJ53	599
JJJ54	600
JJJ62	601
JJJ63	602
JJJ64	603
JJJ65	604
JJJ72	605
JJJ73	606
JJJ74	607
JJJ75	608
JJJ76	609
JJJ82	610
JJJ83	611
JJJ84	612
JJJ85	613
JJJ86	614
JJJ87	615
JJJ92	616
JJJ93	617
JJJ94	618
JJJ95	619
JJJ96	620
JJJ97	621
JJJ98	622
JJJ02	623
JJJ03	624
JJJ04	625
JJJ05	626
JJJ06	627
JJJ07	628
JJJ08	629
JJJ09	630
JJJQ2	631
JJJQ3	632
JJJQ4	633
JJJQ5	634
JJJQ6	635
JJJQ7	636
JJJQ8	637
JJJQ9	638
JJJQ0	639
JJJK2	640
JJJK3	641
JJJK4	642
JJJK5	643
JJJK6	644
JJJK7	645
JJJK8	646
JJJK9	647
JJJK0	648
JJJKQ	649
JJJ12	650
JJJ13	651
JJJ14	652
JJJ15	653
JJJ16	654
JJJ17	655
JJJ18	656
JJJ19	657
JJJ10	658
JJJ1Q	659
JJJ1K	660
QQQ32	661
QQQ42	662
QQQ43	663
QQQ52	664
QQQ53	665
QQQ54	666
QQQ62	667
QQQ63	668
QQQ64	669
QQQ65	670
QQQ72	671
QQQ73	672
QQQ74	673
QQQ75	674
QQQ76	675
QQQ82	676
QQQ83	677
QQQ84	678
QQQ85	679
QQQ86	680
QQQ87	681
QQQ92	682
QQQ93	683
QQQ94	684
QQQ95	685
QQQ96	686
QQQ97	687
QQQ98	688
QQQ02	689
QQQ03	690
QQQ04	691
QQQ05	692
QQQ06	693
QQQ07	694
QQQ08	695
QQQ09	696
QQQJ2	697
QQQJ3	698
QQQJ4	699
QQQJ5	700
QQQJ6	701
QQQJ7	702
QQQJ8	703
QQQJ9	704
QQQJ0	705
QQQK2	706
QQQK3	707
QQQK4	708
QQQK5	709
QQQK6	710
QQQK7	711
QQQK8	712
QQQK9	713
QQQK0	714
QQQKJ	715
QQQ12	716
QQQ13	717
QQQ14	718
QQQ15	719
QQQ16	720
QQQ17	721
QQQ18	722
QQQ19	723
QQQ10	724
QQQ1J	725
QQQ1K	726
KKK32	727
KKK42	728
KKK43	729
KKK52	730
KKK53	731
KKK54	732
KKK62	733
KKK63	734
KKK64	735
KKK65	736
KKK72	737
KKK73	738
KKK74	739
KKK75	740
KKK76	741
KKK82	742
KKK83	743
KKK84	744
KKK85	745
KKK86	746
KKK87	747
KKK92	748
KKK93	749
KKK94	750
KKK95	751
KKK96	752
KKK97	753
KKK98	754
KKK02	755
KKK03	756
KKK04	757
KKK05	758
KKK06	759
KKK07	760
KKK08	761
KKK09	762
KKKJ2	763
KKKJ3	764
KKKJ4	765
KKKJ5	766
KKKJ6	767
KKKJ7	768
KKKJ8	769
KKKJ9	770
KKKJ0	771
KKKQ2	772
KKKQ3	773
KKKQ4	774
KKKQ5	775
KKKQ6	776
KKKQ7	777
KKKQ8	778
KKKQ9	779
KKKQ0	780
KKKQJ	781
KKK12	782
KKK13	783
KKK14	784
KKK15	785
KKK16	786
KKK17	787
KKK18	788
KKK19	789
KKK10	790
KKK1J	791
KKK1Q	792
11132	793
11142	794
11143	795
11152	796
11153	797
11154	798
11162	799
11163	800
11164	801
11165	802
11172	803
11173	804
11174	805
11175	806
11176	807
11182	808
11183	809
11184	810
11185	811
11186	812
11187	813
11192	814
11193	815
11194	816
11195	817
11196	818
11197	819
11198	820
11102	821
11103	822
11104	823
11105	824
11106	825
11107	826
11108	827
11109	828
111J2	829
111J3	830
111J4	831
111J5	832
111J6	833
111J7	834
111J8	835
111J9	836
111J0	837
111Q2	838
111Q3	839
111Q4	840
111Q5	841
111Q6	842
111Q7	843
111Q8	844
111Q9	845
111Q0	846
111QJ	847
111K2	848
111K3	849
111K4	850
111K5	851
111K6	852
111K7	853
111K8	854
111K9	855
111K0	856
111KJ	857
111KQ	858