33224	1
33225	2
33226	3
33227	4
33228	5
33229	6
33220	7
3322J	8
3322Q	9
3322K	10
33221	11
44223	12
44225	13
44226	14
44227	15
44228	16
44229	17
44220	18
4422J	19
4422Q	20
4422K	21
44221	22
44332	23
44335	24
44336	25
44337	26
44338	27
44339	28
44330	29
4433J	30
4433Q	31
4433K	32
44331	33
55223	34
55224	35
55226	36
55227	37
55228	38
55229	39
55220	40
5522J	41
5522Q	42
5522K	43
55221	44
55332	45
55334	46
55336	47
55337	48
55338	49
55339	50
55330	51
5533J	52
5533Q	53
5533K	54
55331	55
55442	56
55443	57
55446	58
55447	59
55448	60
55449	61
55440	62
5544J	63
5544Q	64
5544K	65
55441	66
66223	67
66224	68
66225	69
66227	70
66228	71
66229	72
66220	73
6622J	74
6622Q	75
6622K	76
66221	77
66332	78
66334	79
66335	80
66337	81
66338	82
66339	83
66330	84
6633J	85
6633Q	86
6633K	87
66331	88
66442	89
66443	90
66445	91
66447	92
66448	93
66449	94
66440	95
6644J	96
6644Q	97
6644K	98
66441	99
66552	100
66553	101
66554	102
66557	103
66558	104
66559	105
66550	106
6655J	107
6655Q	108
6655K	109
66551	110
77223	111
77224	112
77225	113
77226	114
77228	115
77229	116
77220	117
7722J	118
7722Q	119
7722K	120
77221	121
77332	122
77334	123
77335	124
77336	125
77338	126
77339	127
77330	128
7733J	129
7733Q	130
7733K	131
77331	132
77442	133
77443	134
77445	135
77446	136
77448	137
77449	138
77440	139
7744J	140
7744Q	141
7744K	142
77441	143
77552	144
77553	145
77554	146
77556	147
77558	148
77559	149
77550	150
7755J	151
7755Q	152
7755K	153
77551	154
77662	155
77663	156
77664	157
77665	158
77668	159
77669	160
77660	161
7766J	162
7766Q	163
7766K	164
77661	165
88223	166
88224	167
88225	168
88226	169
88227	170
88229	171
88220	172
8822J	173
8822Q	174
8822K	175
88221	176
88332	177
88334	178
88335	179
88336	180
88337	181
88339	182
88330	183
8833J	184
8833Q	185
8833K	186
88331	187
88442	188
88443	189
88445	190
88446	191
88447	192
88449	193
88440	194
8844J	195
8844Q	196
8844K	197
88441	198
88552	199
88553	200
88554	201
88556	202
88557	203
88559	204
88550	205
8855J	206
8855Q	207
8855K	208
88551	209
88662	210
88663	211
88664	212
88665	213
88667	214
88669	215
88660	216
8866J	217
8866Q	218
8866K	219
88661	220
88772	221
88773	222
88774	223
88775	224
88776	225
88779	226
88770	227
8877J	228
8877Q	229
8877K	230
88771	231
99223	232
99224	233
99225	234
99226	235
99227	236
99228	237
99220	238
9922J	239
9922Q	240
9922K	241
99221	242
99332	243
99334	244
99335	245
99336	246
99337	247
99338	248
99330	249
9933J	250
9933Q	251
9933K	252
99331	253
99442	254
99443	255
99445	256
99446	257
99447	258
99448	259
99440	260
9944J	261
9944Q	262
9944K	263
99441	264
99552	265
99553	266
99554	267
99556	268
99557	269
99558	270
99550	271
9955J	272
9955Q	273
9955K	274
99551	275
99662	276
99663	277
99664	278
99665	279
99667	280
99668	281
99660	282
9966J	283
9966Q	284
9966K	285
99661	286
99772	287
99773	288
99774	289
99775	290
99776	291
99778	292
99770	293
9977J	294
9977Q	295
9977K	296
99771	297
99882	298
99883	299
99884	300
99885	301
99886	302
99887	303
99880	304
9988J	305
9988Q	306
9988K	307
99881	308
00223	309
00224	310
00225	311
00226	312
00227	313
00228	314
00229	315
0022J	316
0022Q	317
0022K	318
00221	319
00332	320
00334	321
00335	322
00336	323
00337	324
00338	325
00339	326
0033J	327
0033Q	328
0033K	329
00331	330
00442	331
00443	332
00445	333
00446	334
00447	335
00448	336
00449	337
0044J	338
0044Q	339
0044K	340
00441	341
00552	342
00553	343
00554	344
00556	345
00557	346
00558	347
00559	348
0055J	349
0055Q	350
0055K	351
00551	352
00662	353
00663	354
00664	355
00665	356
00667	357
00668	358
00669	359
0066J	360
0066Q	361
0066K	362
00661	363
00772	364
00773	365
00774	366
00775	367
00776	368
00778	369
00779	370
0077J	371
0077Q	372
0077K	373
00771	374
00882	375
00883	376
00884	377
00885	378
00886	379
00887	380
00889	381
0088J	382
0088Q	383
0088K	384
00881	385
00992	386
00993	387
00994	388
00995	389
00996	390
00997	391
00998	392
0099J	393
0099Q	394
0099K	395
00991	396
JJ223	397
JJ224	398
JJ225	399
JJ226	400
JJ227	401
JJ228	402
JJ229	403
JJ220	404
JJ22Q	405
JJ22K	406
JJ221	407
JJ332	408
JJ334	409
JJ335	410
JJ336	411
JJ337	412
JJ338	413
JJ339	414
JJ330	415
JJ33Q	416
JJ33K	417
JJ331	418
JJ442	419
JJ443	420
JJ445	421
JJ446	422
JJ447	423
JJ448	424
JJ449	425
JJ440	426
JJ44Q	427
JJ44K	428
JJ441	429
JJ552	430
JJ553	431
JJ554	432
JJ556	433
JJ557	434
JJ558	435
JJ559	436
JJ550	437
JJ55Q	438
JJ55K	439
JJ551	440
JJ662	441
JJ663	442
JJ664	443
JJ665	444
JJ667	445
JJ668	446
JJ669	447
JJ660	448
JJ66Q	449
JJ66K	450
JJ661	451
JJ772	452
JJ773	453
JJ774	454
JJ775	455
JJ776	456
JJ778	457
JJ779	458
JJ770	459
JJ77Q	460
JJ77K	461
JJ771	462
JJ882	463
JJ883	464
JJ884	465
JJ885	466
JJ886	467
JJ887	468
JJ889	469
JJ880	470
JJ88Q	471
JJ88K	472
JJ881	473
JJ992	474
JJ993	475
JJ994	476
JJ995	477
JJ996	478
JJ997	479
JJ998	480
JJ990	481
JJ99Q	482
JJ99K	483
JJ991	484
JJ002	485
JJ003	486
JJ004	487
JJ005	488
JJ006	489
JJ007	490
JJ008	491
JJ009	492
JJ00Q	493
JJ00K	494
JJ001	495
QQ223	496
QQ224	497
QQ225	498
QQ226	499
QQ227	500
QQ228	501
QQ229	502
QQ220	503
QQ22J	504
QQ22K	505
QQ221	506
QQ332	507
QQ334	508
QQ335	509
QQ336	510
QQ337	511
QQ338	512
QQ339	513
QQ330	514
QQ33J	515
QQ33K	516
QQ331	517
QQ442	518
QQ443	519
QQ445	520
QQ446	521
QQ447	522
QQ448	523
QQ449	524
QQ440	525
QQ44J	526
QQ44K	527
QQ441	528
QQ552	529
QQ553	530
QQ554	531
QQ556	532
QQ557	533
QQ558	534
QQ559	535
QQ550	536
QQ55J	537
QQ55K	538
QQ551	539
QQ662	540
QQ663	541
QQ664	542
QQ665	543
QQ667	544
QQ668	545
QQ669	546
QQ660	547
QQ66J	548
QQ66K	549
QQ661	550
QQ772	551
QQ773	552
QQ774	553
QQ775	554
QQ776	555
QQ778	556
QQ779	557
QQ770	558
QQ77J	559
QQ77K	560
QQ771	561
QQ882	562
QQ883	563
QQ884	564
QQ885	565
QQ886	566
QQ887	567
QQ889	568
QQ880	569
QQ88J	570
QQ88K	571
QQ881	572
QQ992	573
QQ993	574
QQ994	575
QQ995	576
QQ996	577
QQ997	578
QQ998	579
QQ990	580
QQ99J	581
QQ99K	582
QQ991	583
QQ002	584
QQ003	585
QQ004	586
QQ005	587
QQ006	588
QQ007	589
QQ008	590
QQ009	591
QQ00J	592
QQ00K	593
QQ001	594
QQJJ2	595
QQJJ3	596
QQJJ4	597
QQJJ5	598
QQJJ6	599
QQJJ7	600
QQJJ8	601
QQJJ9	602
QQJJ0	603
QQJJK	604
QQJJ1	605
KK223	606
KK224	607
KK225	608
KK226	609
KK227	610
KK228	611
KK229	612
KK220	613
KK22J	614
KK22Q	615
KK221	616
KK332	617
KK334	618
KK335	619
KK336	620
KK337	621
KK338	622
KK339	623
KK330	624
KK33J	625
KK33Q	626
KK331	627
KK442	628
KK443	629
KK445	630
KK446	631
KK447	632
KK448	633
KK449	634
KK440	635
KK44J	636
KK44Q	637
KK441	638
KK552	639
KK553	640
KK554	641
KK556	642
KK557	643
KK558	644
KK559	645
KK550	646
KK55J	647
KK55Q	648
KK551	649
KK662	650
KK663	651
KK664	652
KK665	653
KK667	654
KK668	655
KK669	656
KK660	657
KK66J	658
KK66Q	659
KK661	660
KK772	661
KK773	662
KK774	663
KK775	664
KK776	665
KK778	666
KK779	667
KK770	668
KK77J	669
KK77Q	670
KK771	671
KK882	672
KK883	673
KK884	674
KK885	675
KK886	676
KK887	677
KK889	678
KK880	679
KK88J	680
KK88Q	681
KK881	682
KK992	683
KK993	684
KK994	685
KK995	686
KK996	687
KK997	688
KK998	689
KK990	690
KK99J	691
KK99Q	692
KK991	693
KK002	694
KK003	695
KK004	696
KK005	697
KK006	698
KK007	699
KK008	700
KK009	701
KK00J	702
KK00Q	703
KK001	704
KKJJ2	705
KKJJ3	706
KKJJ4	707
KKJJ5	708
KKJJ6	709
KKJJ7	710
KKJJ8	711
KKJJ9	712
KKJJ0	713
KKJJQ	714
KKJJ1	715
KKQQ2	716
KKQQ3	717
KKQQ4	718
KKQQ5	719
KKQQ6	720
KKQQ7	721
KKQQ8	722
KKQQ9	723
KKQQ0	724
KKQQJ	725
KKQQ1	726
11223	727
11224	728
11225	729
11226	730
11227	731
11228	732
11229	733
11220	734
1122J	735
1122Q	736
1122K	737
11332	738
11334	739
11335	740
11336	741
11337	742
11338	743
11339	744
11330	745
1133J	746
1133Q	747
1133K	748
11442	749
11443	750
11445	751
11446	752
11447	753
11448	754
11449	755
11440	756
1144J	757
1144Q	758
1144K	759
11552	760
11553	761
11554	762
11556	763
11557	764
11558	765
11559	766
11550	767
1155J	768
1155Q	769
1155K	770
11662	771
11663	772
11664	773
11665	774
11667	775
11668	776
11669	777
11660	778
1166J	779
1166Q	780
1166K	781
11772	782
11773	783
11774	784
11775	785
11776	786
11778	787
11779	788
11770	789
1177J	790
1177Q	791
1177K	792
11882	793
11883	794
11884	795
11885	796
11886	797
11887	798
11889	799
11880	800
1188J	801
1188Q	802
1188K	803
11992	804
11993	805
11994	806
11995	807
11996	808
11997	809
11998	810
11990	811
1199J	812
1199Q	813
1199K	814
11002	815
11003	816
11004	817
11005	818
11006	819
11007	820
11008	821
11009	822
1100J	823
1100Q	824
1100K	825
11JJ2	826
11JJ3	827
11JJ4	828
11JJ5	829
11JJ6	830
11JJ7	831
11JJ8	832
11JJ9	833
11JJ0	834
11JJQ	835
11JJK	836
11QQ2	837
11QQ3	838
11QQ4	839
11QQ5	840
11QQ6	841
11QQ7	842
11QQ8	843
11QQ9	844
11QQ0	845
11QQJ	846
11QQK	847
11KK2	848
11KK3	849
11KK4	850
11KK5	851
11KK6	852
11KK7	853
11KK8	854
11KK9	855
11KK0	856
11KKJ	857
11KKQ	858